beams:
- name: beam1
  tags:
  - id: 3
    name: t1_beam1
    offset:
      qw: -1.0
      qx: 0.0
      qy: 0.0
      qz: 0.0
      x: -0.001192063629075979
      y: 0.11395967505419269
      z: 0.004008465740011236
    size: 0.019
  - id: 4
    name: t2_beam1
    offset:
      qw: -0.01019813534436642
      qx: 0.008586122695776353
      qy: 0.017187107652861796
      qz: -0.999763411944586
      x: 0.0011920636290759234
      y: -0.11395967505419269
      z: -0.00400846574001118
    size: 0.019
links:
- id: 25
  name: screw
  size: 0.019
